IMPENGRULUNG

PI = 3.142172
Time = 0.000052
