Ig[¤š‰GyQæy¤
PI = 3.142172
Time = 0.000091
